123
10 10 17
37 10 31
78 10 50
138 10 44
192 10 84
286 10 66
362 10 13
385 10 25
420 10 25
455 10 43
508 10 61
579 10 22
611 10 30
10 143 17
37 143 39
86 143 51
147 143 29
186 143 48
244 143 47
301 143 54
365 143 47
422 143 51
483 143 48
541 143 51
602 143 50
662 143 17
10 276 22
42 276 55
107 276 61
178 276 55
243 276 37
290 276 74
374 276 63
447 276 50
507 276 56
573 276 61
644 276 44
698 276 42
750 276 61
10 409 56
76 409 14
100 409 35
145 409 55
210 409 43
263 409 77
350 409 57
417 409 67
494 409 49
553 409 68
631 409 51
692 409 47
749 409 55
10 542 56
76 542 63
149 542 91
250 542 59
319 542 60
389 542 54
453 542 23
486 542 38
534 542 23
567 542 57
634 542 59
703 542 23
736 542 45
10 675 52
72 675 43
125 675 52
187 675 49
246 675 37
293 675 51
354 675 48
412 675 16
438 675 28
476 675 48
534 675 14
558 675 78
646 675 48
10 808 53
73 808 52
135 808 52
197 808 30
237 808 38
285 808 34
329 808 48
387 808 52
449 808 79
538 808 51
599 808 52
661 808 45
716 808 28
10 941 11
31 941 28
69 941 59
138 941 37
185 941 55
250 941 37
297 941 15
322 941 44
376 941 29
415 941 83
508 941 35
553 941 35
598 941 39
10 1074 115
135 1074 44
189 1074 25
224 1074 86
320 1074 37
367 1074 55
432 1074 37
479 1074 37
526 1074 21
557 1074 21
588 1074 35
633 1074 33
676 1074 25
10 1207 88
108 1207 88
206 1207 33
249 1207 66
325 1207 35
370 1207 25
405 1207 73
488 1207 37
535 1207 43
588 1207 56
654 1207 37
701 1207 13
724 1207 49
10 1340 70
90 1340 48
148 1340 64
222 1340 9
241 1340 50
301 1340 34
345 1340 71
426 1340 32
468 1340 44
522 1340 63
595 1340 37
642 1340 61
713 1340 102
10 1473 22
42 1473 66
118 1473 29
157 1473 28
195 1473 21
226 1473 45
281 1473 39
330 1473 25
365 1473 19
394 1473 27
431 1473 37
478 1473 44
532 1473 79
10 1606 81
101 1606 82
193 1606 35
238 1606 59
307 1606 58
375 1606 64
449 1606 64
523 1606 64
597 1606 64
671 1606 83
764 1606 54
828 1606 49
887 1606 49
10 1739 49
69 1739 39
118 1739 21
149 1739 21
180 1739 30
220 1739 30
260 1739 66
336 1739 58
404 1739 63
477 1739 63
550 1739 68
628 1739 68
706 1739 68
10 1872 61
81 1872 68
159 1872 54
223 1872 54
287 1872 54
351 1872 54
415 1872 56
481 1872 45
536 1872 45
591 1872 45
646 1872 45
701 1872 42
753 1872 42
10 2005 42
62 2005 42
114 2005 77
201 2005 40
251 2005 44
305 2005 44
359 2005 44
413 2005 46
469 2005 28
507 2005 28
545 2005 30
585 2005 30
625 2005 48
10 2138 44
64 2138 44
118 2138 44
172 2138 51
233 2138 51
294 2138 51
355 2138 66
431 2138 82
523 2138 45
578 2138 46
634 2138 44
688 2138 46
744 2138 49
0 0 0
