127
10 10 20
40 10 35
85 10 52
147 10 46
203 10 86
299 10 68
377 10 15
402 10 26
438 10 26
474 10 44
528 10 61
599 10 25
634 10 29
10 147 20
40 147 38
88 147 52
150 147 33
193 147 49
252 147 49
311 147 55
376 147 49
435 147 53
498 147 49
557 147 52
619 147 52
681 147 20
10 284 25
45 284 56
111 284 61
182 284 56
248 284 39
297 284 74
381 284 64
455 284 53
518 284 56
584 284 61
655 284 45
710 284 43
763 284 61
10 421 58
78 421 17
105 421 37
152 421 57
219 421 44
273 421 78
361 421 58
429 421 66
505 421 51
566 421 68
644 421 54
708 421 49
767 421 55
10 558 57
77 558 65
152 558 91
253 558 60
323 558 61
394 558 54
458 558 24
492 558 36
538 558 24
572 558 59
641 558 59
710 558 25
745 558 48
10 695 53
73 695 43
126 695 53
189 695 50
249 695 39
298 695 53
361 695 50
421 695 18
449 695 30
489 695 51
550 695 17
577 695 80
667 695 50
10 832 54
74 832 54
138 832 53
201 832 33
244 832 40
294 832 36
340 832 50
400 832 54
464 832 80
554 832 54
618 832 54
682 832 45
737 832 29
10 969 13
33 969 29
72 969 60
142 969 39
191 969 47
248 969 39
297 969 15
322 969 44
376 969 29
415 969 85
510 969 52
572 969 52
634 969 30
10 1106 96
116 1106 44
170 1106 81
261 1106 90
361 1106 39
410 1106 55
475 1106 39
524 1106 39
573 1106 22
605 1106 22
637 1106 36
683 1106 35
728 1106 27
10 1243 27
47 1243 102
159 1243 44
213 1243 86
309 1243 35
354 1243 81
445 1243 77
532 1243 39
581 1243 43
634 1243 56
700 1243 39
749 1243 21
780 1243 40
10 1380 46
66 1380 44
120 1380 50
180 1380 9
199 1380 53
262 1380 39
311 1380 72
393 1380 50
453 1380 96
559 1380 48
617 1380 39
666 1380 61
737 1380 44
10 1517 30
50 1517 74
134 1517 32
176 1517 32
218 1517 28
256 1517 45
311 1517 49
370 1517 28
408 1517 25
443 1517 17
470 1517 50
530 1517 96
636 1517 87
10 1654 86
106 1654 96
212 1654 49
271 1654 64
345 1654 64
419 1654 64
493 1654 64
567 1654 64
641 1654 64
715 1654 89
814 1654 54
878 1654 39
927 1654 39
10 1791 39
59 1791 39
108 1791 21
139 1791 21
170 1791 30
210 1791 30
250 1791 77
337 1791 58
405 1791 68
483 1791 68
561 1791 68
639 1791 68
717 1791 68
10 1928 68
88 1928 75
173 1928 54
237 1928 54
301 1928 54
365 1928 54
429 1928 56
495 1928 46
551 1928 47
608 1928 42
660 1928 42
712 1928 42
764 1928 42
10 2065 42
62 2065 42
114 2065 65
189 2065 40
239 2065 46
295 2065 46
351 2065 46
407 2065 46
463 2065 21
494 2065 21
525 2065 30
565 2065 30
605 2065 59
10 2202 44
64 2202 51
125 2202 51
186 2202 51
247 2202 51
308 2202 51
369 2202 73
452 2202 50
512 2202 44
566 2202 44
620 2202 44
674 2202 44
728 2202 49
0 0 0
