121
10 10 14
34 10 33
77 10 43
130 10 35
175 10 56
241 10 56
307 10 17
334 10 21
365 10 21
396 10 26
432 10 49
491 10 17
518 10 23
10 141 14
34 141 29
73 141 35
118 141 20
148 141 36
194 141 33
237 141 36
283 141 31
324 141 35
369 141 33
412 141 35
457 141 35
502 141 14
10 272 16
36 272 45
91 272 49
150 272 45
205 272 36
251 272 73
334 272 72
416 272 53
479 272 53
542 272 60
612 272 40
662 272 40
712 272 72
10 403 62
82 403 19
111 403 41
162 403 64
236 403 40
286 403 86
382 403 69
461 403 76
547 403 53
610 403 78
698 403 57
765 403 51
826 403 48
10 534 60
80 534 72
162 534 103
275 534 73
358 534 68
436 534 62
508 534 19
537 534 28
575 534 19
604 534 38
652 534 53
715 534 25
750 534 55
10 665 55
75 665 38
123 665 55
188 665 52
250 665 35
295 665 55
360 665 50
420 665 20
450 665 20
480 665 58
548 665 18
576 665 79
665 665 50
10 796 57
77 796 55
142 796 55
207 796 36
253 796 42
305 796 32
347 796 50
407 796 60
477 796 93
580 796 68
658 796 63
731 796 50
791 796 25
10 927 8
28 927 25
63 927 54
127 927 36
173 927 40
223 927 36
269 927 29
308 927 61
379 927 51
440 927 83
533 927 48
591 927 48
649 927 37
10 1058 128
148 1058 51
209 1058 26
245 1058 96
351 1058 36
397 1058 62
469 1058 36
515 1058 36
561 1058 29
600 1058 29
639 1058 51
700 1058 51
761 1058 30
10 1189 49
69 1189 79
158 1189 43
211 1189 78
299 1189 42
351 1189 26
387 1189 90
487 1189 36
533 1189 50
593 1189 68
671 1189 36
717 1189 14
741 1189 38
10 1320 35
55 1320 65
130 1320 61
201 1320 21
232 1320 29
271 1320 42
323 1320 71
404 1320 33
447 1320 48
505 1320 45
560 1320 36
606 1320 71
687 1320 37
10 1451 33
53 1451 49
112 1451 23
145 1451 23
178 1451 25
213 1451 50
273 1451 58
341 1451 23
374 1451 27
411 1451 15
436 1451 34
480 1451 48
538 1451 62
10 1582 61
81 1582 63
154 1582 36
200 1582 72
282 1582 72
364 1582 72
446 1582 72
528 1582 72
610 1582 72
692 1582 88
790 1582 53
853 1582 40
903 1582 40
10 1713 40
60 1713 42
112 1713 25
147 1713 25
182 1713 37
229 1713 42
281 1713 69
360 1713 69
439 1713 76
525 1713 76
611 1713 76
697 1713 76
783 1713 76
10 1844 44
64 1844 77
151 1844 60
221 1844 60
291 1844 60
361 1844 60
431 1844 68
509 1844 53
572 1844 63
645 1844 55
710 1844 55
775 1844 55
840 1844 55
10 1975 55
75 1975 55
140 1975 89
239 1975 41
290 1975 52
352 1975 52
414 1975 52
476 1975 52
538 1975 25
573 1975 25
608 1975 37
655 1975 42
707 1975 57
10 2106 50
70 2106 57
137 2106 57
204 2106 57
271 2106 57
338 2106 57
405 2106 49
464 2106 57
531 2106 50
591 2106 50
651 2106 50
711 2106 50
771 2106 63
0 0 0
