238
10 10 44
64 10 108
182 10 171
363 10 117
490 10 171
671 10 150
831 10 44
885 10 65
960 10 65
1035 10 65
1110 10 129
1249 10 44
1303 10 129
10 258 44
64 258 171
245 258 129
384 258 87
481 258 129
620 258 129
759 258 129
898 258 129
1037 258 129
1176 258 129
1315 258 129
1454 258 129
1593 258 44
10 506 44
64 506 87
161 506 129
300 506 87
397 506 129
536 506 214
760 506 129
899 506 129
1038 506 129
1177 506 129
1316 506 129
1455 506 129
1594 506 129
10 754 129
149 754 44
203 754 129
342 754 129
481 754 129
620 754 171
801 754 129
940 754 129
1079 754 129
1218 754 129
1357 754 129
1496 754 129
1635 754 129
10 1002 129
149 1002 129
288 1002 171
469 1002 129
608 1002 129
747 1002 129
886 1002 65
961 1002 171
1142 1002 65
1217 1002 65
1292 1002 129
1431 1002 65
1506 1002 129
10 1250 129
149 1250 129
288 1250 129
427 1250 129
566 1250 108
684 1250 129
823 1250 129
962 1250 44
1016 1250 87
1113 1250 129
1252 1250 65
1327 1250 171
1508 1250 129
10 1498 129
149 1498 129
288 1498 129
427 1498 87
524 1498 129
663 1498 129
802 1498 129
941 1498 129
1080 1498 171
1261 1498 129
1400 1498 129
1539 1498 129
1678 1498 108
10 1746 23
43 1746 108
161 1746 87
258 1746 129
397 1746 91
498 1746 129
637 1746 27
674 1746 86
770 1746 57
837 1746 121
968 1746 68
1046 1746 68
1124 1746 57
10 1994 228
248 1994 87
345 1994 48
403 1994 170
583 1994 129
722 1994 109
841 1994 129
980 1994 129
1119 1994 27
1156 1994 27
1193 1994 57
1260 1994 57
1327 1994 51
10 2242 102
122 2242 202
334 2242 65
409 2242 131
550 2242 68
628 2242 48
686 2242 171
867 2242 129
1006 2242 85
1101 2242 110
1221 2242 129
1360 2242 24
1394 2242 77
10 2490 90
110 2490 94
214 2490 97
321 2490 16
347 2490 68
425 2490 59
494 2490 148
652 2490 61
723 2490 86
819 2490 94
923 2490 129
1062 2490 119
1191 2490 85
10 2738 56
76 2738 94
180 2738 56
246 2738 53
309 2738 40
359 2738 88
457 2738 75
542 2738 24
576 2738 35
621 2738 52
683 2738 73
766 2738 86
862 2738 156
10 2986 160
180 2986 162
352 2986 69
431 2986 127
568 2986 127
705 2986 127
842 2986 127
979 2986 127
1116 2986 127
1253 2986 164
1427 2986 106
1543 2986 76
1629 2986 76
10 3234 76
96 3234 76
182 3234 40
232 3234 40
282 3234 57
349 3234 59
418 3234 130
558 3234 115
683 3234 134
827 3234 134
971 3234 134
1115 3234 134
1259 3234 134
10 3482 87
107 3482 134
251 3482 106
367 3482 106
483 3482 106
599 3482 106
715 3482 110
835 3482 88
933 3482 88
1031 3482 81
1122 3482 81
1213 3482 81
1304 3482 81
10 3730 81
101 3730 81
192 3730 152
354 3730 77
441 3730 89
540 3730 89
639 3730 89
738 3730 89
837 3730 40
887 3730 40
937 3730 57
1004 3730 59
1073 3730 95
10 3978 85
105 3978 100
215 3978 100
325 3978 100
435 3978 100
545 3978 100
655 3978 94
759 3978 112
881 3978 85
976 3978 85
1071 3978 85
1166 3978 85
1261 3978 96
0 0 0
