120
10 10 23
43 10 55
108 10 87
205 10 60
275 10 87
372 10 76
458 10 23
491 10 34
535 10 34
579 10 34
623 10 66
699 10 23
732 10 66
10 140 23
43 140 87
140 140 66
216 140 44
270 140 66
346 140 66
422 140 66
498 140 66
574 140 66
650 140 66
726 140 66
802 140 66
878 140 23
10 270 23
43 270 44
97 270 66
173 270 44
227 270 66
303 270 108
421 270 66
497 270 66
573 270 66
649 270 66
725 270 66
801 270 66
877 270 66
10 400 66
86 400 23
119 400 66
195 400 66
271 400 66
347 400 87
444 400 66
520 400 66
596 400 66
672 400 66
748 400 66
824 400 66
900 400 66
10 530 66
86 530 66
162 530 87
259 530 66
335 530 66
411 530 66
487 530 34
531 530 87
628 530 34
672 530 34
716 530 66
792 530 34
836 530 66
10 660 66
86 660 66
162 660 66
238 660 66
314 660 55
379 660 66
455 660 66
531 660 23
564 660 44
618 660 66
694 660 34
738 660 87
835 660 66
10 790 66
86 790 66
162 790 66
238 790 44
292 790 66
368 790 66
444 790 66
520 790 66
596 790 87
693 790 66
769 790 66
845 790 66
921 790 55
10 920 13
33 920 55
98 920 44
152 920 66
228 920 47
285 920 66
361 920 15
386 920 44
440 920 29
479 920 62
551 920 35
596 920 35
641 920 30
10 1050 115
135 1050 44
189 1050 25
224 1050 86
320 1050 66
396 1050 55
461 1050 66
537 1050 66
613 1050 15
638 1050 15
663 1050 29
702 1050 29
741 1050 27
10 1180 52
72 1180 102
184 1180 33
227 1180 66
0 0 0
