145
10 10 28
48 10 66
124 10 104
238 10 72
320 10 104
434 10 92
536 10 28
574 10 40
624 10 40
674 10 40
724 10 79
813 10 28
851 10 79
10 165 28
48 165 104
162 165 79
251 165 53
314 165 79
403 165 79
492 165 79
581 165 79
670 165 79
759 165 79
848 165 79
937 165 79
1026 165 28
10 320 28
48 320 53
111 320 79
200 320 53
263 320 79
352 320 130
492 320 79
581 320 79
670 320 79
759 320 79
848 320 79
937 320 79
1026 320 79
10 475 79
99 475 28
137 475 79
226 475 79
315 475 79
404 475 104
518 475 79
607 475 79
696 475 79
785 475 79
874 475 79
963 475 79
1052 475 79
10 630 79
99 630 79
188 630 104
302 630 79
391 630 79
480 630 79
569 630 40
619 630 104
733 630 40
783 630 40
833 630 79
922 630 40
972 630 79
10 785 79
99 785 79
188 785 79
277 785 79
366 785 66
442 785 79
531 785 79
620 785 28
658 785 53
721 785 79
810 785 40
860 785 104
974 785 79
10 940 79
99 940 79
188 940 79
277 940 53
340 940 79
429 940 79
518 940 79
607 940 79
696 940 104
810 940 79
899 940 79
988 940 79
1077 940 66
10 1095 15
35 1095 66
111 1095 53
174 1095 79
263 1095 56
329 1095 79
418 1095 17
445 1095 53
508 1095 35
553 1095 74
637 1095 42
689 1095 42
741 1095 35
10 1250 139
159 1250 53
222 1250 30
262 1250 103
375 1250 79
464 1250 66
540 1250 79
629 1250 79
718 1250 17
745 1250 17
772 1250 35
817 1250 35
862 1250 32
10 1405 62
82 1405 123
215 1405 40
265 1405 80
0 0 0
