124
10 10 13
33 10 31
74 10 61
145 10 47
202 10 90
302 10 69
381 10 13
404 10 31
445 10 31
486 10 46
542 10 59
611 10 23
644 10 30
10 144 14
34 144 39
83 144 48
141 144 37
188 144 47
245 144 46
301 144 52
363 144 45
418 144 49
477 144 48
535 144 49
594 144 49
653 144 14
10 278 23
43 278 54
107 278 56
173 278 54
237 278 41
288 278 80
378 278 63
451 278 51
512 278 57
579 278 59
648 278 47
705 278 46
761 278 61
10 412 55
75 412 30
115 412 36
161 412 55
226 412 44
280 412 64
354 412 54
418 412 66
494 412 48
552 412 67
629 412 58
697 412 51
758 412 60
10 546 55
75 546 62
147 546 90
247 546 59
316 546 61
387 546 53
450 546 27
487 546 39
536 546 27
573 546 62
645 546 58
713 546 23
746 546 45
10 680 48
68 680 44
122 680 48
180 680 49
239 680 36
285 680 48
343 680 45
398 680 12
420 680 28
458 680 47
515 680 11
536 680 73
619 680 45
10 814 51
71 814 48
129 814 48
187 814 31
228 814 41
279 814 34
323 814 45
378 814 51
439 814 73
522 814 51
583 814 51
644 814 42
696 814 42
10 948 10
30 948 42
82 948 62
154 948 41
205 948 56
271 948 41
322 948 21
353 948 57
420 948 41
471 948 66
547 948 43
600 948 43
653 948 35
10 1082 131
151 1082 51
212 1082 27
249 1082 93
352 1082 41
403 1082 53
466 1082 41
517 1082 41
568 1082 21
599 1082 21
630 1082 41
681 1082 41
732 1082 36
10 1216 57
77 1216 93
180 1216 41
231 1216 77
318 1216 41
369 1216 27
406 1216 87
503 1216 41
554 1216 42
606 1216 61
677 1216 41
728 1216 13
751 1216 44
10 1350 48
68 1350 50
128 1350 51
189 1350 10
209 1350 45
264 1350 32
306 1350 86
402 1350 39
451 1350 48
509 1350 59
578 1350 41
629 1350 86
725 1350 58
10 1484 39
59 1484 59
128 1484 35
173 1484 34
217 1484 23
250 1484 46
306 1484 47
363 1484 14
387 1484 26
423 1484 29
462 1484 43
515 1484 48
573 1484 84
10 1618 89
109 1618 88
207 1618 41
258 1618 63
331 1618 63
404 1618 63
477 1618 63
550 1618 63
623 1618 63
696 1618 92
798 1618 57
865 1618 47
922 1618 47
10 1752 47
67 1752 47
124 1752 30
164 1752 30
204 1752 35
249 1752 32
291 1752 68
369 1752 54
433 1752 66
509 1752 66
585 1752 66
661 1752 66
737 1752 66
10 1886 54
74 1886 66
150 1886 55
215 1886 55
280 1886 55
345 1886 55
410 1886 61
481 1886 48
539 1886 48
597 1886 45
652 1886 45
707 1886 45
762 1886 45
10 2020 45
65 2020 45
120 2020 85
215 2020 44
269 2020 49
328 2020 49
387 2020 49
446 2020 49
505 2020 23
538 2020 23
571 2020 30
611 2020 29
650 2020 51
10 2154 45
65 2154 51
126 2154 51
187 2154 51
248 2154 51
309 2154 51
370 2154 59
439 2154 52
501 2154 45
556 2154 45
611 2154 45
666 2154 45
721 2154 51
0 0 0
